% Generated using GBSolver generator Copyright Martin Bujnak,
% Zuzana Kukelova, Tomas Pajdla CTU Prague 2008.
%
% Please refer to the following paper, when using this code :
%     Kukelova Z., Bujnak M., Pajdla T., Automatic Generator of Minimal Problem Solvers,
%     ECCV 2008, Marseille, France, October 12-18, 2008

function [s, l1, l2, k, v1, v2, v3, u1, u2, u3] = solver_H4lv1v2ks1_det_equations_from_macaulay2_k_116x125(x11, x1p1, x21, x2p1, x31, x3p1, x41, x4p1)

v1 = 10000;
v2 = 10000;
v3 = 10000;
l1 = 10000;
l2 = 10000;
k = 10000;
u1 = 10000;
u2 = 10000;
u3 = 10000;
s = 10000;

% precalculate polynomial equations coefficients
c(1) = x11(1)*x21(1)*x1p1(1)^2*x2p1(2) - x11(1)*x21(1)*x1p1(2)*x2p1(1)^2 - x11(1)*x21(2)*x1p1(1)*x2p1(1)^2 + x11(1)*x21(2)*x1p1(1)^2*x2p1(1) + x11(1)*x21(1)^2*x1p1(1)*x2p1(2) + x11(1)*x21(1)^2*x1p1(2)*x2p1(1) - 2*x11(1)^2*x21(1)*x1p1(1)*x2p1(2) - x11(1)*x21(1)*x1p1(2)*x2p1(2)^2 + x11(1)*x21(1)*x1p1(2)^2*x2p1(2) - x11(1)*x21(2)*x1p1(1)*x2p1(2)^2 + x11(1)*x21(2)*x1p1(2)^2*x2p1(1) + x11(1)*x21(2)^2*x1p1(1)*x2p1(2) + x11(1)*x21(2)^2*x1p1(2)*x2p1(1) - 2*x11(2)^2*x21(1)*x1p1(1)*x2p1(2);
c(2) = x11(1)*x21(2)*x2p1(2) - x11(1)*x21(2)*x1p1(2) + x11(1)*x1p1(2)*x2p1(2) - x21(1)*x1p1(2)*x2p1(2) - x21(2)*x1p1(1)*x2p1(2) + x21(2)*x1p1(2)*x2p1(1);
c(3) = x11(1)*x21(1)*x2p1(1) - x11(1)*x21(1)*x1p1(1) + x11(1)*x1p1(1)*x2p1(1) - x21(1)*x1p1(1)*x2p1(1);
c(4) = x11(1)*x21(1)^2*x1p1(1)^2*x2p1(1)^2 - x11(1)^2*x21(1)*x1p1(1)^2*x2p1(1)^2 - x11(1)^2*x21(1)^2*x1p1(1)*x2p1(1)^2 + x11(1)^2*x21(1)^2*x1p1(1)^2*x2p1(1) + x11(1)*x21(1)^2*x1p1(1)^2*x2p1(2)^2 + x11(1)*x21(1)^2*x1p1(2)^2*x2p1(1)^2 + x11(1)*x21(2)^2*x1p1(1)^2*x2p1(1)^2 - x11(1)^2*x21(1)*x1p1(1)^2*x2p1(2)^2 - x11(1)^2*x21(1)*x1p1(2)^2*x2p1(1)^2 - x11(1)^2*x21(1)^2*x1p1(1)*x2p1(2)^2 + x11(1)^2*x21(1)^2*x1p1(2)^2*x2p1(1) - x11(1)^2*x21(2)^2*x1p1(1)*x2p1(1)^2 + x11(1)^2*x21(2)^2*x1p1(1)^2*x2p1(1) - x11(2)^2*x21(1)*x1p1(1)^2*x2p1(1)^2 - x11(2)^2*x21(1)^2*x1p1(1)*x2p1(1)^2 + x11(2)^2*x21(1)^2*x1p1(1)^2*x2p1(1) + x11(1)*x21(1)^2*x1p1(2)^2*x2p1(2)^2 + x11(1)*x21(2)^2*x1p1(1)^2*x2p1(2)^2 + x11(1)*x21(2)^2*x1p1(2)^2*x2p1(1)^2 - x11(1)^2*x21(1)*x1p1(2)^2*x2p1(2)^2 - x11(1)^2*x21(2)^2*x1p1(1)*x2p1(2)^2 + x11(1)^2*x21(2)^2*x1p1(2)^2*x2p1(1) - x11(2)^2*x21(1)*x1p1(1)^2*x2p1(2)^2 - x11(2)^2*x21(1)*x1p1(2)^2*x2p1(1)^2 - x11(2)^2*x21(1)^2*x1p1(1)*x2p1(2)^2 + x11(2)^2*x21(1)^2*x1p1(2)^2*x2p1(1) - x11(2)^2*x21(2)^2*x1p1(1)*x2p1(1)^2 + x11(2)^2*x21(2)^2*x1p1(1)^2*x2p1(1) + x11(1)*x21(2)^2*x1p1(2)^2*x2p1(2)^2 - x11(2)^2*x21(1)*x1p1(2)^2*x2p1(2)^2 - x11(2)^2*x21(2)^2*x1p1(1)*x2p1(2)^2 + x11(2)^2*x21(2)^2*x1p1(2)^2*x2p1(1);
c(5) = x11(1)*x21(1)^2*x1p1(1)^2 - x11(1)^2*x21(1)*x1p1(1)^2 - x11(1)^2*x21(1)^2*x1p1(1) + x11(1)*x21(1)^2*x1p1(2)^2 + x11(1)*x21(2)^2*x1p1(1)^2 - x11(1)^2*x21(1)*x1p1(2)^2 - x11(1)^2*x21(2)^2*x1p1(1) - x11(2)^2*x21(1)*x1p1(1)^2 - x11(2)^2*x21(1)^2*x1p1(1) + x11(1)*x21(2)^2*x1p1(2)^2 - x11(2)^2*x21(1)*x1p1(2)^2 - x11(2)^2*x21(2)^2*x1p1(1) + x11(1)*x21(1)^2*x2p1(1)^2 - x11(1)^2*x21(1)*x2p1(1)^2 + x11(1)^2*x21(1)^2*x2p1(1) + x11(1)*x21(1)^2*x2p1(2)^2 + x11(1)*x21(2)^2*x2p1(1)^2 - x11(1)^2*x21(1)*x2p1(2)^2 + x11(1)^2*x21(2)^2*x2p1(1) - x11(2)^2*x21(1)*x2p1(1)^2 + x11(2)^2*x21(1)^2*x2p1(1) + x11(1)*x21(2)^2*x2p1(2)^2 - x11(2)^2*x21(1)*x2p1(2)^2 + x11(2)^2*x21(2)^2*x2p1(1) + x11(1)*x1p1(1)^2*x2p1(1)^2 - x11(1)^2*x1p1(1)*x2p1(1)^2 + x11(1)^2*x1p1(1)^2*x2p1(1) + x11(1)*x1p1(1)^2*x2p1(2)^2 + x11(1)*x1p1(2)^2*x2p1(1)^2 - x11(1)^2*x1p1(1)*x2p1(2)^2 + x11(1)^2*x1p1(2)^2*x2p1(1) - x11(2)^2*x1p1(1)*x2p1(1)^2 + x11(2)^2*x1p1(1)^2*x2p1(1) + x11(1)*x1p1(2)^2*x2p1(2)^2 - x11(2)^2*x1p1(1)*x2p1(2)^2 + x11(2)^2*x1p1(2)^2*x2p1(1) - x21(1)*x1p1(1)^2*x2p1(1)^2 - x21(1)^2*x1p1(1)*x2p1(1)^2 + x21(1)^2*x1p1(1)^2*x2p1(1) - x21(1)*x1p1(1)^2*x2p1(2)^2 - x21(1)*x1p1(2)^2*x2p1(1)^2 - x21(1)^2*x1p1(1)*x2p1(2)^2 + x21(1)^2*x1p1(2)^2*x2p1(1) - x21(2)^2*x1p1(1)*x2p1(1)^2 + x21(2)^2*x1p1(1)^2*x2p1(1) - x21(1)*x1p1(2)^2*x2p1(2)^2 - x21(2)^2*x1p1(1)*x2p1(2)^2 + x21(2)^2*x1p1(2)^2*x2p1(1);
c(6) = 2*x11(1)*x21(1)^2*x1p1(1)^2*x2p1(2) - x11(1)^2*x21(1)*x1p1(2)*x2p1(1)^2 - x11(1)^2*x21(1)*x1p1(1)^2*x2p1(2) - x11(1)^2*x21(2)*x1p1(1)*x2p1(1)^2 + x11(1)^2*x21(2)*x1p1(1)^2*x2p1(1) - x11(1)^2*x21(1)^2*x1p1(1)*x2p1(2) + x11(1)^2*x21(1)^2*x1p1(2)*x2p1(1) + 2*x11(1)*x21(1)^2*x1p1(2)^2*x2p1(2) + 2*x11(1)*x21(2)^2*x1p1(1)^2*x2p1(2) - x11(1)^2*x21(1)*x1p1(2)*x2p1(2)^2 - x11(1)^2*x21(1)*x1p1(2)^2*x2p1(2) - x11(1)^2*x21(2)*x1p1(1)*x2p1(2)^2 + x11(1)^2*x21(2)*x1p1(2)^2*x2p1(1) - x11(1)^2*x21(2)^2*x1p1(1)*x2p1(2) + x11(1)^2*x21(2)^2*x1p1(2)*x2p1(1) - x11(2)^2*x21(1)*x1p1(2)*x2p1(1)^2 - x11(2)^2*x21(1)*x1p1(1)^2*x2p1(2) - x11(2)^2*x21(2)*x1p1(1)*x2p1(1)^2 + x11(2)^2*x21(2)*x1p1(1)^2*x2p1(1) - x11(2)^2*x21(1)^2*x1p1(1)*x2p1(2) + x11(2)^2*x21(1)^2*x1p1(2)*x2p1(1) + 2*x11(1)*x21(2)^2*x1p1(2)^2*x2p1(2) - x11(2)^2*x21(1)*x1p1(2)*x2p1(2)^2 - x11(2)^2*x21(1)*x1p1(2)^2*x2p1(2) - x11(2)^2*x21(2)*x1p1(1)*x2p1(2)^2 + x11(2)^2*x21(2)*x1p1(2)^2*x2p1(1) - x11(2)^2*x21(2)^2*x1p1(1)*x2p1(2) + x11(2)^2*x21(2)^2*x1p1(2)*x2p1(1);
c(7) = x11(1)*x21(2)*x1p1(1)^2*x2p1(2) - x11(1)*x21(2)*x1p1(2)*x2p1(1)^2 + x11(1)*x21(1)^2*x1p1(2)*x2p1(2) - x11(1)^2*x21(1)*x1p1(2)*x2p1(2) - x11(1)^2*x21(2)*x1p1(1)*x2p1(2) + x11(1)^2*x21(2)*x1p1(2)*x2p1(1) - x11(1)*x21(2)*x1p1(2)*x2p1(2)^2 + x11(1)*x21(2)*x1p1(2)^2*x2p1(2) + x11(1)*x21(2)^2*x1p1(2)*x2p1(2) - x11(2)^2*x21(1)*x1p1(2)*x2p1(2) - x11(2)^2*x21(2)*x1p1(1)*x2p1(2) + x11(2)^2*x21(2)*x1p1(2)*x2p1(1);
c(8) = 2*x11(1)*x21(1)^2*x1p1(1)^2*x2p1(1) - 2*x11(1)^2*x21(1)*x1p1(1)*x2p1(1)^2 + 2*x11(1)*x21(1)^2*x1p1(2)^2*x2p1(1) + 2*x11(1)*x21(2)^2*x1p1(1)^2*x2p1(1) - 2*x11(1)^2*x21(1)*x1p1(1)*x2p1(2)^2 - 2*x11(2)^2*x21(1)*x1p1(1)*x2p1(1)^2 + 2*x11(1)*x21(2)^2*x1p1(2)^2*x2p1(1) - 2*x11(2)^2*x21(1)*x1p1(1)*x2p1(2)^2;
c(9) = x11(1)*x21(1)*x1p1(1)^2*x2p1(1) - x11(1)*x21(1)*x1p1(1)*x2p1(1)^2 + x11(1)*x21(1)^2*x1p1(1)*x2p1(1) - x11(1)^2*x21(1)*x1p1(1)*x2p1(1) - x11(1)*x21(1)*x1p1(1)*x2p1(2)^2 + x11(1)*x21(1)*x1p1(2)^2*x2p1(1) + x11(1)*x21(2)^2*x1p1(1)*x2p1(1) - x11(2)^2*x21(1)*x1p1(1)*x2p1(1);
c(10) = x11(1)*x21(1)*x2p1(2) - x11(1)*x21(2)*x1p1(1) - x11(1)*x21(1)*x1p1(2) + x11(1)*x21(2)*x2p1(1) + x11(1)*x1p1(1)*x2p1(2) + x11(1)*x1p1(2)*x2p1(1) - 2*x21(1)*x1p1(1)*x2p1(2);
c(11) = 2*x11(1)*x21(1)^2*x2p1(2) - x11(1)^2*x21(2)*x1p1(1) - x11(2)^2*x21(1)*x1p1(2) - x11(2)^2*x21(2)*x1p1(1) - x11(1)^2*x21(1)*x1p1(2) - x11(1)^2*x21(1)*x2p1(2) + x11(1)^2*x21(2)*x2p1(1) + 2*x11(1)*x21(2)^2*x2p1(2) - x11(2)^2*x21(1)*x2p1(2) + x11(2)^2*x21(2)*x2p1(1) + 2*x11(1)*x1p1(1)^2*x2p1(2) - x11(1)^2*x1p1(1)*x2p1(2) + x11(1)^2*x1p1(2)*x2p1(1) + 2*x11(1)*x1p1(2)^2*x2p1(2) - x11(2)^2*x1p1(1)*x2p1(2) + x11(2)^2*x1p1(2)*x2p1(1) - x21(1)*x1p1(2)*x2p1(1)^2 - x21(1)*x1p1(1)^2*x2p1(2) - x21(2)*x1p1(1)*x2p1(1)^2 + x21(2)*x1p1(1)^2*x2p1(1) - x21(1)^2*x1p1(1)*x2p1(2) + x21(1)^2*x1p1(2)*x2p1(1) - x21(1)*x1p1(2)*x2p1(2)^2 - x21(1)*x1p1(2)^2*x2p1(2) - x21(2)*x1p1(1)*x2p1(2)^2 + x21(2)*x1p1(2)^2*x2p1(1) - x21(2)^2*x1p1(1)*x2p1(2) + x21(2)^2*x1p1(2)*x2p1(1);
c(12) = 2*x11(1)*x21(1)^2*x2p1(1) - 2*x11(2)^2*x21(1)*x1p1(1) - 2*x11(1)^2*x21(1)*x1p1(1) + 2*x11(1)*x21(2)^2*x2p1(1) + 2*x11(1)*x1p1(1)^2*x2p1(1) + 2*x11(1)*x1p1(2)^2*x2p1(1) - 2*x21(1)*x1p1(1)*x2p1(1)^2 - 2*x21(1)*x1p1(1)*x2p1(2)^2;
c(13) = 2*x11(1)*x2p1(2) - x21(1)*x1p1(2) - x21(2)*x1p1(1) - x21(1)*x2p1(2) + x21(2)*x2p1(1) - x1p1(1)*x2p1(2) + x1p1(2)*x2p1(1);
c(14) = 2*x11(1)*x2p1(1) - 2*x21(1)*x1p1(1);
c(15) = x11(1)*x21(1)^2 - x11(1)^2*x21(1) + x11(1)*x21(2)^2 - x11(2)^2*x21(1) + x11(1)*x1p1(1)^2 - x11(1)^2*x1p1(1) + x11(1)*x1p1(2)^2 - x11(2)^2*x1p1(1) + x11(1)*x2p1(1)^2 - x21(1)*x1p1(1)^2 + x11(1)^2*x2p1(1) - x21(1)^2*x1p1(1) + x11(1)*x2p1(2)^2 - x21(1)*x1p1(2)^2 + x11(2)^2*x2p1(1) - x21(2)^2*x1p1(1) - x21(1)*x2p1(1)^2 + x21(1)^2*x2p1(1) - x21(1)*x2p1(2)^2 + x21(2)^2*x2p1(1) - x1p1(1)*x2p1(1)^2 + x1p1(1)^2*x2p1(1) - x1p1(1)*x2p1(2)^2 + x1p1(2)^2*x2p1(1);
c(16) = x11(1) - x21(1) - x1p1(1) + x2p1(1);
