%
%  Copyright (c) 2018 James Pritts
%  Licensed under the MIT License (see LICENSE for details)
%
%  Written by James Pritts
%
function c = eg_calc_7p_coeffs(F)
%eg_calc_7p_coeffs
%    C = eg_calc_7p_coeffs(F11,F12,F21,F22,F31,F32,F41,F42,F51,F52,F61,F62,F71,F72,F81,F82,F91,F92)

%    This function was generated by the Symbolic Math Toolbox version 5.5.
%    22-Jun-2011 18:47:26

F11 = F(1,1);
F21 = F(2,1);
F31 = F(3,1);
F41 = F(4,1);
F51 = F(5,1);
F61 = F(6,1);
F71 = F(7,1);
F81 = F(8,1);
F91 = F(9,1);

F12 = F(1,2);
F22 = F(2,2);
F32 = F(3,2);
F42 = F(4,2);
F52 = F(5,2);
F62 = F(6,2);
F72 = F(7,2);
F82 = F(8,2);
F92 = F(9,2);

t27 = F22.*F62;
t43 = F32.*F52;
t28 = t27-t43;
t29 = F12.*F62;
t49 = F32.*F42;
t30 = t29-t49;
t31 = F12.*F52;
t55 = F22.*F42;
t32 = t31-t55;
t33 = F21.*F62;
t34 = F22.*F61;
t35 = F32.*F52.*3.0;
t36 = F12.*F61;
t37 = F11.*F62;
t38 = F32.*F42.*3.0;
t39 = F11.*F52;
t40 = F12.*F51;
t41 = F22.*F42.*3.0;
t42 = F31.*F51;
t44 = F21.*F61;
t45 = F31.*F52;
t46 = F32.*F51;
t47 = t27-t33-t34-t42-t43+t44+t45+t46;
t48 = F31.*F41;
t50 = F11.*F61;
t51 = F31.*F42;
t52 = F32.*F41;
t53 = t29-t36-t37-t48-t49+t50+t51+t52;
t54 = F21.*F41;
t56 = F11.*F51;
t57 = F21.*F42;
t58 = F22.*F41;
t59 = t31-t39-t40-t54-t55+t56+t57+t58;
c = [F72.*t28-F82.*t30+F92.*t32,F71.*t28-F81.*t30+F91.*t32+F92.*(t39+t40+t41-F21.*F42-F22.*F41-F12.*F52.*3.0)-F82.*(t36+t37+t38-F31.*F42-F32.*F41-F12.*F62.*3.0)+F72.*(t33+t34+t35-F31.*F52-F32.*F51-F22.*F62.*3.0),-F92.*(t41+t54-F11.*F51+F11.*F52.*2.0+F12.*F51.*2.0-F21.*F42.*2.0-F22.*F41.*2.0-F12.*F52.*3.0)+F82.*(t38+t48-F11.*F61+F11.*F62.*2.0+F12.*F61.*2.0-F31.*F42.*2.0-F32.*F41.*2.0-F12.*F62.*3.0)-F72.*(t35+t42-F21.*F61+F21.*F62.*2.0+F22.*F61.*2.0-F31.*F52.*2.0-F32.*F51.*2.0-F22.*F62.*3.0)+F91.*(t39+t40-F21.*F42-F22.*F41-F12.*F52.*2.0+F22.*F42.*2.0)-F81.*(t36+t37-F31.*F42-F32.*F41-F12.*F62.*2.0+F32.*F42.*2.0)+F71.*(t33+t34-F31.*F52-F32.*F51-F22.*F62.*2.0+F32.*F52.*2.0),F71.*t47-F72.*t47-F81.*t53+F82.*t53+F91.*t59-F92.*t59];
